# oST version 5.0 parameters


[image]

width
640

height
480

[narrow_stereo]

camera matrix
381.968978 0.000000 314.707178
0.000000 511.503753 239.847196
0.000000 0.000000 1.000000

distortion
-0.368489 0.091004 -0.000972 -0.001865 0.000000

rectification
1.000000 0.000000 0.000000
0.000000 1.000000 0.000000
0.000000 0.000000 1.000000

projection
245.235718 0.000000 309.002615 0.000000
0.000000 464.419434 239.321690 0.000000
0.000000 0.000000 1.000000 0.000000
