image_width: 640
image_height: 480
camera_name: narrow_stereo
camera_matrix:
  rows: 3
  cols: 3
  data: [1460.599903, 0.000000	  , 318.554983,
            0.000000, 13473.412074,238.150449 ,
            0.      ,    0.       ,    1.     ]
camera_model: plumb_bob
distortion_coefficients:
  rows: 1
  cols: 5
  data: [-5.841678, 41.313328, -0.002788, 0.042648, 0.000000]
rectification_matrix:
  rows: 3
  cols: 3
  data: [ 1.,  0.,  0.,
          0.,  1.,  0.,
          0.,  0.,  1.]
projection_matrix:
  rows: 3
  cols: 4
  data: [	1159.620117, 0.000000			, 331.675111, 0.000000
					0.000000	 , 13449.416992	, 238.107486, 0.000000
					0.000000	 , 0.000000			, 1.000000	, 0.000000]
