# oST version 5.0 parameters


[image]

width
640

height
480

[narrow_stereo]

camera matrix
1460.599903 0.000000 318.554983
0.000000 13473.412074 238.150449
0.000000 0.000000 1.000000

distortion
-5.841678 41.313328 -0.002788 0.042648 0.000000

rectification
1.000000 0.000000 0.000000
0.000000 1.000000 0.000000
0.000000 0.000000 1.000000

projection
1159.620117 0.000000 331.675111 0.000000
0.000000 13449.416992 238.107486 0.000000
0.000000 0.000000 1.000000 0.000000

